[38;2;235;219;178m[48;2;29;32;33mCreated with colorer library. Type 'shell-posix'                                                              [0m
[38;2;235;219;178m[48;2;29;32;33m                                                                                                              [0m
[38;2;235;219;178m[48;2;29;32;33m[38;2;146;131;116m[48;2;29;32;33m#![38;2;235;219;178m[48;2;29;32;33m[38;2;69;133;136m[48;2;29;32;33m/bin/sh[38;2;235;219;178m[48;2;29;32;33m                                                                                                     [0m
[38;2;235;219;178m[48;2;29;32;33m                                                                                                              [0m
[38;2;235;219;178m[48;2;29;32;33m[38;2;146;131;116m[48;2;29;32;33m# -------------------------------------------------------------[38;2;235;219;178m[48;2;29;32;33m                                               [0m
[38;2;235;219;178m[48;2;29;32;33m[38;2;146;131;116m[48;2;29;32;33m# some random tests[38;2;235;219;178m[48;2;29;32;33m                                                                                           [0m
[38;2;235;219;178m[48;2;29;32;33m[38;2;146;131;116m[48;2;29;32;33m# -------------------------------------------------------------[38;2;235;219;178m[48;2;29;32;33m                                               [0m
[38;2;235;219;178m[48;2;29;32;33m                                                                                                              [0m
[38;2;235;219;178m[48;2;29;32;33m[38;2;146;131;116m[48;2;29;32;33m# simple comment[38;2;235;219;178m[48;2;29;32;33m                                                                                              [0m
[38;2;235;219;178m[48;2;29;32;33m                                                                                                              [0m
[38;2;235;219;178m[48;2;29;32;33m    [38;2;146;131;116m[48;2;29;32;33m# comment here with indent[38;2;235;219;178m[48;2;29;32;33m                                                                                [0m
[38;2;235;219;178m[48;2;29;32;33m                                                                                                              [0m
[38;2;235;219;178m[48;2;29;32;33m[38;2;214;93;14m[48;2;29;32;33mecho[38;2;235;219;178m[48;2;29;32;33m asd# asd [38;2;146;131;116m[48;2;29;32;33m# <- here are "asd#" and "asd" parameters, but not comments[38;2;235;219;178m[48;2;29;32;33m                                     [0m
[38;2;235;219;178m[48;2;29;32;33m[38;2;214;93;14m[48;2;29;32;33mecho[38;2;235;219;178m[48;2;29;32;33m asd [38;2;146;131;116m[48;2;29;32;33m#asd # <- here is "asd" and then a comment starting from "#"[38;2;235;219;178m[48;2;29;32;33m                                         [0m
[38;2;235;219;178m[48;2;29;32;33m                                                                                                              [0m
[38;2;235;219;178m[48;2;29;32;33m[38;2;131;165;152m[48;2;29;32;33mVAR[38;2;235;219;178m[48;2;29;32;33m[38;2;181;118;20m[48;2;29;32;33m=[38;2;235;219;178m[48;2;29;32;33m[38;2;152;151;26m[48;2;29;32;33mfoo#bar[38;2;235;219;178m[48;2;29;32;33m [38;2;131;165;152m[48;2;29;32;33mVAR2[38;2;235;219;178m[48;2;29;32;33m[38;2;181;118;20m[48;2;29;32;33m=[38;2;235;219;178m[48;2;29;32;33m[38;2;152;151;26m[48;2;29;32;33mfoo2[38;2;235;219;178m[48;2;29;32;33m [38;2;146;131;116m[48;2;29;32;33m# <- here is VAR = 'foo#bar'[38;2;235;219;178m[48;2;29;32;33m                                                            [0m
[38;2;235;219;178m[48;2;29;32;33m[38;2;131;165;152m[48;2;29;32;33mVAR[38;2;235;219;178m[48;2;29;32;33m[38;2;181;118;20m[48;2;29;32;33m=[38;2;235;219;178m[48;2;29;32;33m[38;2;152;151;26m[48;2;29;32;33mfoo[38;2;235;219;178m[48;2;29;32;33m)[38;2;235;219;178m[48;2;204;36;29mb[38;2;235;219;178m[48;2;29;32;33m[38;2;235;219;178m[48;2;204;36;29ma[38;2;235;219;178m[48;2;29;32;33m[38;2;235;219;178m[48;2;204;36;29mr[38;2;235;219;178m[48;2;29;32;33m [38;2;235;219;178m[48;2;204;36;29mV[38;2;235;219;178m[48;2;29;32;33m[38;2;235;219;178m[48;2;204;36;29mA[38;2;235;219;178m[48;2;29;32;33m[38;2;235;219;178m[48;2;204;36;29mR[38;2;235;219;178m[48;2;29;32;33m[38;2;235;219;178m[48;2;204;36;29m2[38;2;235;219;178m[48;2;29;32;33m[38;2;235;219;178m[48;2;204;36;29m=[38;2;235;219;178m[48;2;29;32;33m[38;2;235;219;178m[48;2;204;36;29mf[38;2;235;219;178m[48;2;29;32;33m[38;2;235;219;178m[48;2;204;36;29mo[38;2;235;219;178m[48;2;29;32;33m[38;2;235;219;178m[48;2;204;36;29mo[38;2;235;219;178m[48;2;29;32;33m[38;2;235;219;178m[48;2;204;36;29m2[38;2;235;219;178m[48;2;29;32;33m [38;2;146;131;116m[48;2;29;32;33m# <- here is 'syntax error'[38;2;235;219;178m[48;2;29;32;33m                                                             [0m
[38;2;235;219;178m[48;2;29;32;33m[38;2;131;165;152m[48;2;29;32;33mVAR[38;2;235;219;178m[48;2;29;32;33m[38;2;181;118;20m[48;2;29;32;33m=[38;2;235;219;178m[48;2;29;32;33m[38;2;152;151;26m[48;2;29;32;33mfoo[38;2;235;219;178m[48;2;29;32;33m[38;2;168;153;132m[48;2;29;32;33m;[38;2;235;219;178m[48;2;29;32;33m[38;2;214;93;14m[48;2;29;32;33mcommand[38;2;235;219;178m[48;2;29;32;33m       [38;2;146;131;116m[48;2;29;32;33m# <- here is 'VAR=foo' and a command[38;2;235;219;178m[48;2;29;32;33m                                                    [0m
[38;2;235;219;178m[48;2;29;32;33m[38;2;131;165;152m[48;2;29;32;33mVAR[38;2;235;219;178m[48;2;29;32;33m[38;2;181;118;20m[48;2;29;32;33m=[38;2;235;219;178m[48;2;29;32;33m[38;2;152;151;26m[48;2;29;32;33mfoo[38;2;235;219;178m[48;2;29;32;33m[38;2;104;157;106m[48;2;29;32;33m&[38;2;235;219;178m[48;2;29;32;33m[38;2;214;93;14m[48;2;29;32;33mcommand[38;2;235;219;178m[48;2;29;32;33m       [38;2;146;131;116m[48;2;29;32;33m# <- here is 'VAR=foo' in background and a command[38;2;235;219;178m[48;2;29;32;33m                                      [0m
[38;2;235;219;178m[48;2;29;32;33m[38;2;131;165;152m[48;2;29;32;33mVAR[38;2;235;219;178m[48;2;29;32;33m[38;2;181;118;20m[48;2;29;32;33m=[38;2;235;219;178m[48;2;29;32;33m[38;2;152;151;26m[48;2;29;32;33mfoo[38;2;235;219;178m[48;2;29;32;33m[38;2;104;157;106m[48;2;29;32;33m|[38;2;235;219;178m[48;2;29;32;33m[38;2;214;93;14m[48;2;29;32;33mcommand[38;2;235;219;178m[48;2;29;32;33m       [38;2;146;131;116m[48;2;29;32;33m# <- here is 'VAR=foo' and a command[38;2;235;219;178m[48;2;29;32;33m                                                    [0m
[38;2;235;219;178m[48;2;29;32;33m[38;2;131;165;152m[48;2;29;32;33mVAR[38;2;235;219;178m[48;2;29;32;33m[38;2;181;118;20m[48;2;29;32;33m=[38;2;235;219;178m[48;2;29;32;33m[38;2;152;151;26m[48;2;29;32;33mfoo[38;2;235;219;178m[48;2;29;32;33m[38;2;64;117;255m[48;2;29;32;33m>[38;2;235;219;178m[48;2;29;32;33mcommand       [38;2;146;131;116m[48;2;29;32;33m# <- here is 'VAR=foo' redirected to 'command'[38;2;235;219;178m[48;2;29;32;33m                                          [0m
[38;2;235;219;178m[48;2;29;32;33m[38;2;131;165;152m[48;2;29;32;33mVAR[38;2;235;219;178m[48;2;29;32;33m[38;2;181;118;20m[48;2;29;32;33m=[38;2;235;219;178m[48;2;29;32;33m[38;2;152;151;26m[48;2;29;32;33mfoo[38;2;235;219;178m[48;2;29;32;33m[38;2;64;117;255m[48;2;29;32;33m<[38;2;235;219;178m[48;2;29;32;33mcommand       [38;2;146;131;116m[48;2;29;32;33m# <- here is 'VAR=foo' with redirected stdin[38;2;235;219;178m[48;2;29;32;33m                                            [0m
[38;2;235;219;178m[48;2;29;32;33m[38;2;131;165;152m[48;2;29;32;33mVAR[38;2;235;219;178m[48;2;29;32;33m[38;2;181;118;20m[48;2;29;32;33m=[38;2;235;219;178m[48;2;29;32;33m[38;2;152;151;26m[48;2;29;32;33mfoo2[38;2;235;219;178m[48;2;29;32;33m[38;2;64;117;255m[48;2;29;32;33m>[38;2;235;219;178m[48;2;29;32;33mcommand      [38;2;146;131;116m[48;2;29;32;33m# <- here is 'VAR=foo2' redirected to 'command'[38;2;235;219;178m[48;2;29;32;33m                                         [0m
[38;2;235;219;178m[48;2;29;32;33m[38;2;131;165;152m[48;2;29;32;33mVAR[38;2;235;219;178m[48;2;29;32;33m[38;2;181;118;20m[48;2;29;32;33m=[38;2;235;219;178m[48;2;29;32;33m[38;2;152;151;26m[48;2;29;32;33mfoo1[38;2;235;219;178m[48;2;29;32;33m[38;2;64;117;255m[48;2;29;32;33m<[38;2;235;219;178m[48;2;29;32;33mcommand      [38;2;146;131;116m[48;2;29;32;33m# <- here is 'VAR=foo1' with redirected stdin[38;2;235;219;178m[48;2;29;32;33m                                           [0m
[38;2;235;219;178m[48;2;29;32;33m[38;2;131;165;152m[48;2;29;32;33mVAR[38;2;235;219;178m[48;2;29;32;33m[38;2;181;118;20m[48;2;29;32;33m=[38;2;235;219;178m[48;2;29;32;33m[38;2;152;151;26m[48;2;29;32;33mfoo1[38;2;235;219;178m[48;2;29;32;33m[38;2;64;117;255m[48;2;29;32;33m>[38;2;235;219;178m[48;2;29;32;33m[38;2;104;157;106m[48;2;29;32;33m&[38;2;235;219;178m[48;2;29;32;33m[38;2;139;142;255m[48;2;29;32;33m2[38;2;235;219;178m[48;2;29;32;33m           [38;2;146;131;116m[48;2;29;32;33m# <- here is 'VAR=foo1' with redirected stdout[38;2;235;219;178m[48;2;29;32;33m                                          [0m
[38;2;235;219;178m[48;2;29;32;33m                                                                                                              [0m
[38;2;235;219;178m[48;2;29;32;33m[38;2;184;187;38m[48;2;29;32;33m"[38;2;235;219;178m[48;2;29;32;33m[38;2;152;151;26m[48;2;29;32;33mdouble quote string[38;2;235;219;178m[48;2;29;32;33m[38;2;184;187;38m[48;2;29;32;33m"[38;2;235;219;178m[48;2;29;32;33m [38;2;184;187;38m[48;2;29;32;33m"[38;2;235;219;178m[48;2;29;32;33m[38;2;152;151;26m[48;2;29;32;33mdouble quote [38;2;235;219;178m[48;2;29;32;33m[38;2;69;133;136m[48;2;29;32;33m$[38;2;235;219;178m[48;2;29;32;33m[38;2;131;165;152m[48;2;29;32;33mVAR[38;2;235;219;178m[48;2;29;32;33m[38;2;152;151;26m[48;2;29;32;33m here[38;2;235;219;178m[48;2;29;32;33m[38;2;184;187;38m[48;2;29;32;33m"[38;2;235;219;178m[48;2;29;32;33m[38;2;0;194;62m[48;2;29;32;33m111[38;2;235;219;178m[48;2;29;32;33m [38;2;184;187;38m[48;2;29;32;33m"[38;2;235;219;178m[48;2;29;32;33m[38;2;152;151;26m[48;2;29;32;33mdouble quote [38;2;235;219;178m[48;2;29;32;33m[38;2;235;219;178m[48;2;204;36;29m$[38;2;235;219;178m[48;2;29;32;33m[38;2;152;151;26m[48;2;29;32;33m error here[38;2;235;219;178m[48;2;29;32;33m[38;2;184;187;38m[48;2;29;32;33m"[38;2;235;219;178m[48;2;29;32;33m [38;2;184;187;38m[48;2;29;32;33m"[38;2;235;219;178m[48;2;29;32;33m[38;2;152;151;26m[48;2;29;32;33mescape does \work here[38;2;235;219;178m[48;2;29;32;33m[38;2;184;187;38m[48;2;29;32;33m"[38;2;235;219;178m[48;2;29;32;33m        [0m
[38;2;235;219;178m[48;2;29;32;33m                                                                                                              [0m
[38;2;235;219;178m[48;2;29;32;33m[38;2;184;187;38m[48;2;29;32;33m'[38;2;235;219;178m[48;2;29;32;33m[38;2;152;151;26m[48;2;29;32;33msingle[38;2;235;219;178m[48;2;29;32;33m[38;2;184;187;38m[48;2;29;32;33m'[38;2;235;219;178m[48;2;29;32;33mmix[38;2;184;187;38m[48;2;29;32;33m"[38;2;235;219;178m[48;2;29;32;33m[38;2;152;151;26m[48;2;29;32;33mdouble[38;2;235;219;178m[48;2;29;32;33m[38;2;184;187;38m[48;2;29;32;33m"[38;2;235;219;178m[48;2;29;32;33mstring[38;2;184;187;38m[48;2;29;32;33m'[38;2;235;219;178m[48;2;29;32;33m[38;2;152;151;26m[48;2;29;32;33mdouble inside"here[38;2;235;219;178m[48;2;29;32;33m[38;2;184;187;38m[48;2;29;32;33m'[38;2;235;219;178m[48;2;29;32;33mor[38;2;184;187;38m[48;2;29;32;33m"[38;2;235;219;178m[48;2;29;32;33m[38;2;152;151;26m[48;2;29;32;33msingle inside'here[38;2;235;219;178m[48;2;29;32;33m[38;2;184;187;38m[48;2;29;32;33m"[38;2;235;219;178m[48;2;29;32;33m                                           [0m
[38;2;235;219;178m[48;2;29;32;33m                                                                                                              [0m
[38;2;235;219;178m[48;2;29;32;33m[38;2;131;165;152m[48;2;29;32;33mvar1[38;2;235;219;178m[48;2;29;32;33m[38;2;181;118;20m[48;2;29;32;33m=[38;2;235;219;178m[48;2;29;32;33m[38;2;184;187;38m[48;2;29;32;33m"[38;2;235;219;178m[48;2;29;32;33m[38;2;152;151;26m[48;2;29;32;33mtest[38;2;235;219;178m[48;2;29;32;33m[38;2;184;187;38m[48;2;29;32;33m"[38;2;235;219;178m[48;2;29;32;33m [38;2;131;165;152m[48;2;29;32;33mvar2[38;2;235;219;178m[48;2;29;32;33m[38;2;181;118;20m[48;2;29;32;33m=[38;2;235;219;178m[48;2;29;32;33m[38;2;184;187;38m[48;2;29;32;33m'[38;2;235;219;178m[48;2;29;32;33m[38;2;152;151;26m[48;2;29;32;33mtest[38;2;235;219;178m[48;2;29;32;33m[38;2;184;187;38m[48;2;29;32;33m'[38;2;235;219;178m[48;2;29;32;33m run command this_is_not=variable                                                      [0m
[38;2;235;219;178m[48;2;29;32;33m                                                                                                              [0m
[38;2;235;219;178m[48;2;29;32;33m[38;2;131;165;152m[48;2;29;32;33mvar1[38;2;235;219;178m[48;2;29;32;33m[38;2;181;118;20m[48;2;29;32;33m=[38;2;235;219;178m[48;2;29;32;33m[38;2;184;187;38m[48;2;29;32;33m"[38;2;235;219;178m[48;2;29;32;33m[38;2;152;151;26m[48;2;29;32;33mtest[38;2;235;219;178m[48;2;29;32;33m[38;2;184;187;38m[48;2;29;32;33m"[38;2;235;219;178m[48;2;29;32;33m [38;2;131;165;152m[48;2;29;32;33mvar2[38;2;235;219;178m[48;2;29;32;33m[38;2;181;118;20m[48;2;29;32;33m=[38;2;235;219;178m[48;2;29;32;33m[38;2;184;187;38m[48;2;29;32;33m'[38;2;235;219;178m[48;2;29;32;33m[38;2;152;151;26m[48;2;29;32;33mtest[38;2;235;219;178m[48;2;29;32;33m[38;2;184;187;38m[48;2;29;32;33m'[38;2;235;219;178m[48;2;29;32;33m run command this_is_not=variable [38;2;104;157;106m[48;2;29;32;33m|[38;2;235;219;178m[48;2;29;32;33m [38;2;131;165;152m[48;2;29;32;33mbut_this_is_variable[38;2;235;219;178m[48;2;29;32;33m[38;2;181;118;20m[48;2;29;32;33m=[38;2;235;219;178m[48;2;29;32;33m[38;2;0;194;62m[48;2;29;32;33m1[38;2;235;219;178m[48;2;29;32;33m run command not_variable=[38;2;0;194;62m[48;2;29;32;33m1[38;2;235;219;178m[48;2;29;32;33m  [0m
[38;2;235;219;178m[48;2;29;32;33m                                                                                                              [0m
[38;2;235;219;178m[48;2;29;32;33m[38;2;131;165;152m[48;2;29;32;33mVAR2[38;2;235;219;178m[48;2;29;32;33m[38;2;181;118;20m[48;2;29;32;33m=[38;2;235;219;178m[48;2;29;32;33m[38;2;184;187;38m[48;2;29;32;33m"[38;2;235;219;178m[48;2;29;32;33m[38;2;152;151;26m[48;2;29;32;33mtest[38;2;235;219;178m[48;2;29;32;33m[38;2;184;187;38m[48;2;29;32;33m"[38;2;235;219;178m[48;2;29;32;33m [38;2;184;187;38m[48;2;29;32;33m"[38;2;235;219;178m[48;2;29;32;33m[38;2;152;151;26m[48;2;29;32;33mstring after variable[38;2;235;219;178m[48;2;29;32;33m[38;2;184;187;38m[48;2;29;32;33m"[38;2;235;219;178m[48;2;29;32;33m ,sdkfljalkjf                                                              [0m
[38;2;235;219;178m[48;2;29;32;33m                                                                                                              [0m
[38;2;235;219;178m[48;2;29;32;33m    [38;2;131;165;152m[48;2;29;32;33mVAR[38;2;235;219;178m[48;2;29;32;33m[38;2;181;118;20m[48;2;29;32;33m=[38;2;235;219;178m[48;2;29;32;33m[38;2;0;194;62m[48;2;29;32;33m1[38;2;235;219;178m[48;2;29;32;33m [38;2;214;93;14m[48;2;29;32;33mcommand[38;2;235;219;178m[48;2;29;32;33m [38;2;104;157;106m[48;2;29;32;33m&[38;2;235;219;178m[48;2;29;32;33m [38;2;131;165;152m[48;2;29;32;33mVAR2[38;2;235;219;178m[48;2;29;32;33m[38;2;181;118;20m[48;2;29;32;33m=[38;2;235;219;178m[48;2;29;32;33m[38;2;152;151;26m[48;2;29;32;33m1wordwithnum[38;2;235;219;178m[48;2;29;32;33m command2                                                                [0m
[38;2;235;219;178m[48;2;29;32;33m[38;2;131;165;152m[48;2;29;32;33mVAR[38;2;235;219;178m[48;2;29;32;33m[38;2;181;118;20m[48;2;29;32;33m=[38;2;235;219;178m[48;2;29;32;33m[38;2;0;194;62m[48;2;29;32;33m1[38;2;235;219;178m[48;2;29;32;33m [38;2;214;93;14m[48;2;29;32;33mcommand[38;2;235;219;178m[48;2;29;32;33m [38;2;104;157;106m[48;2;29;32;33m&[38;2;235;219;178m[48;2;29;32;33m [38;2;131;165;152m[48;2;29;32;33mVAR2[38;2;235;219;178m[48;2;29;32;33m[38;2;181;118;20m[48;2;29;32;33m=[38;2;235;219;178m[48;2;29;32;33m command2 [38;2;168;153;132m[48;2;29;32;33m;[38;2;235;219;178m[48;2;29;32;33m [38;2;131;165;152m[48;2;29;32;33mVAR3[38;2;235;219;178m[48;2;29;32;33m[38;2;181;118;20m[48;2;29;32;33m=[38;2;235;219;178m[48;2;29;32;33m [38;2;214;93;14m[48;2;29;32;33mcommand[38;2;235;219;178m[48;2;29;32;33m [38;2;0;194;62m[48;2;29;32;33m3[38;2;235;219;178m[48;2;29;32;33m[38;2;168;153;132m[48;2;29;32;33m;[38;2;235;219;178m[48;2;29;32;33m [38;2;131;165;152m[48;2;29;32;33mVAR4[38;2;235;219;178m[48;2;29;32;33m[38;2;181;118;20m[48;2;29;32;33m=[38;2;235;219;178m[48;2;29;32;33m command4[38;2;168;153;132m[48;2;29;32;33m;[38;2;235;219;178m[48;2;29;32;33m [38;2;146;131;116m[48;2;29;32;33m# comment here[38;2;235;219;178m[48;2;29;32;33m                              [0m
[38;2;235;219;178m[48;2;29;32;33m[38;2;131;165;152m[48;2;29;32;33mVAR[38;2;235;219;178m[48;2;29;32;33m[38;2;181;118;20m[48;2;29;32;33m=[38;2;235;219;178m[48;2;29;32;33m[38;2;0;194;62m[48;2;29;32;33m1[38;2;235;219;178m[48;2;29;32;33m [38;2;214;93;14m[48;2;29;32;33mcommand[38;2;235;219;178m[48;2;29;32;33m [38;2;104;157;106m[48;2;29;32;33m&&[38;2;235;219;178m[48;2;29;32;33m [38;2;131;165;152m[48;2;29;32;33mVAR2[38;2;235;219;178m[48;2;29;32;33m[38;2;181;118;20m[48;2;29;32;33m=[38;2;235;219;178m[48;2;29;32;33m[38;2;152;151;26m[48;2;29;32;33mwordwithnum1[38;2;235;219;178m[48;2;29;32;33m command2                                                                   [0m
[38;2;235;219;178m[48;2;29;32;33m[38;2;131;165;152m[48;2;29;32;33mVAR[38;2;235;219;178m[48;2;29;32;33m[38;2;181;118;20m[48;2;29;32;33m=[38;2;235;219;178m[48;2;29;32;33m[38;2;0;194;62m[48;2;29;32;33m1[38;2;235;219;178m[48;2;29;32;33m [38;2;214;93;14m[48;2;29;32;33mcommand[38;2;235;219;178m[48;2;29;32;33m [38;2;104;157;106m[48;2;29;32;33m||[38;2;235;219;178m[48;2;29;32;33m [38;2;131;165;152m[48;2;29;32;33mVAR2[38;2;235;219;178m[48;2;29;32;33m[38;2;181;118;20m[48;2;29;32;33m=[38;2;235;219;178m[48;2;29;32;33m command2                                                                               [0m
[38;2;235;219;178m[48;2;29;32;33m[38;2;131;165;152m[48;2;29;32;33mVAR[38;2;235;219;178m[48;2;29;32;33m[38;2;181;118;20m[48;2;29;32;33m=[38;2;235;219;178m[48;2;29;32;33m[38;2;0;194;62m[48;2;29;32;33m1[38;2;235;219;178m[48;2;29;32;33m [38;2;214;93;14m[48;2;29;32;33mcommand[38;2;235;219;178m[48;2;29;32;33m [38;2;64;117;255m[48;2;29;32;33m>[38;2;235;219;178m[48;2;29;32;33m/test[38;2;139;142;255m[48;2;29;32;33m 2[38;2;235;219;178m[48;2;29;32;33m[38;2;64;117;255m[48;2;29;32;33m>[38;2;235;219;178m[48;2;29;32;33m/test2[38;2;139;142;255m[48;2;29;32;33m 3[38;2;235;219;178m[48;2;29;32;33m[38;2;64;117;255m[48;2;29;32;33m>[38;2;235;219;178m[48;2;29;32;33m/test3 [38;2;104;157;106m[48;2;29;32;33m||[38;2;235;219;178m[48;2;29;32;33m [38;2;131;165;152m[48;2;29;32;33mVAR2[38;2;235;219;178m[48;2;29;32;33m[38;2;181;118;20m[48;2;29;32;33m=[38;2;235;219;178m[48;2;29;32;33m command2 [38;2;64;117;255m[48;2;29;32;33m<[38;2;235;219;178m[48;2;29;32;33m space_here                                         [0m
[38;2;235;219;178m[48;2;29;32;33m                                                                                                              [0m
[38;2;235;219;178m[48;2;29;32;33m[38;2;131;165;152m[48;2;29;32;33mVAR[38;2;235;219;178m[48;2;29;32;33m[38;2;181;118;20m[48;2;29;32;33m=[38;2;235;219;178m[48;2;29;32;33m[38;2;0;194;62m[48;2;29;32;33m1[38;2;235;219;178m[48;2;29;32;33m ! command                                                                                               [0m
[38;2;235;219;178m[48;2;29;32;33m                                                                                                              [0m
[38;2;235;219;178m[48;2;29;32;33m[38;2;204;36;29m[48;2;29;32;33m! [38;2;235;219;178m[48;2;29;32;33m[38;2;131;165;152m[48;2;29;32;33mVAR12[38;2;235;219;178m[48;2;29;32;33m[38;2;181;118;20m[48;2;29;32;33m=[38;2;235;219;178m[48;2;29;32;33m[38;2;0;194;62m[48;2;29;32;33m123123[38;2;235;219;178m[48;2;29;32;33m ! SSDF=[38;2;0;194;62m[48;2;29;32;33m23234[38;2;235;219;178m[48;2;29;32;33m command sfljsdfj ! slkdfjalsdj                                                    [0m
[38;2;235;219;178m[48;2;29;32;33m                                                                                                              [0m
[38;2;235;219;178m[48;2;29;32;33m[38;2;131;165;152m[48;2;29;32;33mVAR[38;2;235;219;178m[48;2;29;32;33m[38;2;181;118;20m[48;2;29;32;33m=[38;2;235;219;178m[48;2;29;32;33m[38;2;0;194;62m[48;2;29;32;33m1[38;2;235;219;178m[48;2;29;32;33m [38;2;214;93;14m[48;2;29;32;33mcommand[38;2;235;219;178m[48;2;29;32;33m escaped ampersand \& VAR2= command2 \                                                           [0m
[38;2;235;219;178m[48;2;29;32;33m    THIS_IS_NOT_VAR=[38;2;0;194;62m[48;2;29;32;33m1[38;2;235;219;178m[48;2;29;32;33m because the above line continues                                                        [0m
[38;2;235;219;178m[48;2;29;32;33m                                                                                                              [0m
[38;2;235;219;178m[48;2;29;32;33m[38;2;214;93;14m[48;2;29;32;33mcommand[38;2;235;219;178m[48;2;29;32;33m plain \# quoted comment                                                                               [0m
[38;2;235;219;178m[48;2;29;32;33m                                                                                                              [0m
[38;2;235;219;178m[48;2;29;32;33m[38;2;181;118;20m[48;2;29;32;33m([38;2;235;219;178m[48;2;29;32;33m [38;2;131;165;152m[48;2;29;32;33mVAR[38;2;235;219;178m[48;2;29;32;33m[38;2;181;118;20m[48;2;29;32;33m=[38;2;235;219;178m[48;2;29;32;33m[38;2;152;151;26m[48;2;29;32;33mfoo[38;2;235;219;178m[48;2;29;32;33m subshell [38;2;104;157;106m[48;2;29;32;33m&&[38;2;235;219;178m[48;2;29;32;33m [38;2;131;165;152m[48;2;29;32;33mVAR3[38;2;235;219;178m[48;2;29;32;33m[38;2;181;118;20m[48;2;29;32;33m=[38;2;235;219;178m[48;2;29;32;33m run command [38;2;64;117;255m[48;2;29;32;33m>[38;2;235;219;178m[48;2;29;32;33m/test[38;2;139;142;255m[48;2;29;32;33m 2[38;2;235;219;178m[48;2;29;32;33m[38;2;64;117;255m[48;2;29;32;33m>[38;2;235;219;178m[48;2;29;32;33m[38;2;104;157;106m[48;2;29;32;33m&[38;2;235;219;178m[48;2;29;32;33m[38;2;139;142;255m[48;2;29;32;33m1[38;2;235;219;178m[48;2;29;32;33m [38;2;181;118;20m[48;2;29;32;33m)[38;2;235;219;178m[48;2;29;32;33m                                                         [0m
[38;2;235;219;178m[48;2;29;32;33m[38;2;181;118;20m[48;2;60;56;54m$([38;2;235;219;178m[48;2;29;32;33m[38;2;131;165;152m[48;2;60;56;54mVAR1[38;2;235;219;178m[48;2;29;32;33m[38;2;181;118;20m[48;2;60;56;54m=[38;2;235;219;178m[48;2;29;32;33m[38;2;152;151;26m[48;2;60;56;54mfoo[38;2;235;219;178m[48;2;29;32;33m[38;2;235;219;178m[48;2;60;56;54m another subshell[38;2;235;219;178m[48;2;29;32;33m[38;2;168;153;132m[48;2;60;56;54m;[38;2;235;219;178m[48;2;29;32;33m[38;2;181;118;20m[48;2;29;32;33m)[38;2;235;219;178m[48;2;29;32;33m                                                                                 [0m
[38;2;235;219;178m[48;2;29;32;33m                                                                                                              [0m
[38;2;235;219;178m[48;2;29;32;33m[38;2;181;118;20m[48;2;29;32;33m([38;2;235;219;178m[48;2;29;32;33m [38;2;214;93;14m[48;2;29;32;33mcommand[38;2;235;219;178m[48;2;29;32;33m                                                                                                     [0m
[38;2;235;219;178m[48;2;29;32;33m[38;2;181;118;20m[48;2;29;32;33m)[38;2;235;219;178m[48;2;29;32;33m                                                                                                             [0m
[38;2;235;219;178m[48;2;29;32;33m                                                                                                              [0m
[38;2;235;219;178m[48;2;29;32;33m[38;2;168;153;132m[48;2;29;32;33m{[38;2;235;219;178m[48;2;29;32;33m [38;2;131;165;152m[48;2;29;32;33mVAR[38;2;235;219;178m[48;2;29;32;33m[38;2;181;118;20m[48;2;29;32;33m=[38;2;235;219;178m[48;2;29;32;33m[38;2;152;151;26m[48;2;29;32;33mrrrt[38;2;235;219;178m[48;2;29;32;33m group1 PARAM= PARAM=[38;2;0;194;62m[48;2;29;32;33m1[38;2;235;219;178m[48;2;29;32;33m[38;2;168;153;132m[48;2;29;32;33m;[38;2;235;219;178m[48;2;29;32;33m [38;2;131;165;152m[48;2;29;32;33mVAR[38;2;235;219;178m[48;2;29;32;33m[38;2;181;118;20m[48;2;29;32;33m=[38;2;235;219;178m[48;2;29;32;33m[38;2;0;194;62m[48;2;29;32;33m4[38;2;235;219;178m[48;2;29;32;33m group2 TEST=[38;2;0;194;62m[48;2;29;32;33m1[38;2;235;219;178m[48;2;29;32;33m [38;2;104;157;106m[48;2;29;32;33m&&[38;2;235;219;178m[48;2;29;32;33m [38;2;131;165;152m[48;2;29;32;33mVAR5[38;2;235;219;178m[48;2;29;32;33m[38;2;181;118;20m[48;2;29;32;33m=[38;2;235;219;178m[48;2;29;32;33m[38;2;152;151;26m[48;2;29;32;33mXxx[38;2;235;219;178m[48;2;29;32;33m [38;2;214;93;14m[48;2;29;32;33mtest[38;2;235;219;178m[48;2;29;32;33m it }                                   [0m
[38;2;235;219;178m[48;2;29;32;33m[38;2;168;153;132m[48;2;29;32;33m}[38;2;235;219;178m[48;2;29;32;33m                                                                                                             [0m
[38;2;235;219;178m[48;2;29;32;33m                                                                                                              [0m
[38;2;235;219;178m[48;2;29;32;33m[38;2;0;194;62m[48;2;29;32;33m2[38;2;235;219;178m[48;2;29;32;33m.[38;2;0;194;62m[48;2;29;32;33m7[38;2;235;219;178m[48;2;29;32;33m. writes [38;2;184;187;38m[48;2;29;32;33m'[38;2;235;219;178m[48;2;29;32;33m[38;2;152;151;26m[48;2;29;32;33m2[38;2;235;219;178m[48;2;29;32;33m[38;2;184;187;38m[48;2;29;32;33m'[38;2;235;219;178m[48;2;29;32;33m into file a: echo \2[38;2;64;117;255m[48;2;29;32;33m>[38;2;235;219;178m[48;2;29;32;33ma                                                                        [0m
[38;2;235;219;178m[48;2;29;32;33m     writes [38;2;184;187;38m[48;2;29;32;33m'[38;2;235;219;178m[48;2;29;32;33m[38;2;152;151;26m[48;2;29;32;33m2>a[38;2;235;219;178m[48;2;29;32;33m[38;2;184;187;38m[48;2;29;32;33m'[38;2;235;219;178m[48;2;29;32;33m to standard output: echo [38;2;0;194;62m[48;2;29;32;33m2[38;2;235;219;178m[48;2;29;32;33m\>a                                                               [0m
[38;2;235;219;178m[48;2;29;32;33m                                                                                                              [0m
[38;2;235;219;178m[48;2;29;32;33m[38;2;139;142;255m[48;2;29;32;33m2[38;2;235;219;178m[48;2;29;32;33m[38;2;64;117;255m[48;2;29;32;33m>[38;2;235;219;178m[48;2;29;32;33m[38;2;69;133;136m[48;2;29;32;33m$[38;2;235;219;178m[48;2;29;32;33m[38;2;131;165;152m[48;2;29;32;33mTEST[38;2;235;219;178m[48;2;29;32;33m[38;2;139;142;255m[48;2;29;32;33m 4[38;2;235;219;178m[48;2;29;32;33m[38;2;64;117;255m[48;2;29;32;33m>>[38;2;235;219;178m[48;2;29;32;33m[38;2;184;187;38m[48;2;29;32;33m"[38;2;235;219;178m[48;2;29;32;33m[38;2;69;133;136m[48;2;29;32;33m$[38;2;235;219;178m[48;2;29;32;33m[38;2;131;165;152m[48;2;29;32;33mTEST[38;2;235;219;178m[48;2;29;32;33m[38;2;184;187;38m[48;2;29;32;33m"[38;2;235;219;178m[48;2;29;32;33m                                                                                            [0m
[38;2;235;219;178m[48;2;29;32;33m[38;2;139;142;255m[48;2;29;32;33m2[38;2;235;219;178m[48;2;29;32;33m[38;2;64;117;255m[48;2;29;32;33m>[38;2;235;219;178m[48;2;29;32;33m/test                                                                                                       [0m
[38;2;235;219;178m[48;2;29;32;33m[38;2;139;142;255m[48;2;29;32;33m1[38;2;235;219;178m[48;2;29;32;33m[38;2;64;117;255m[48;2;29;32;33m<[38;2;235;219;178m[48;2;29;32;33m/test                                                                                                       [0m
[38;2;235;219;178m[48;2;29;32;33m[38;2;64;117;255m[48;2;29;32;33m>[38;2;235;219;178m[48;2;29;32;33m/test                                                                                                        [0m
[38;2;235;219;178m[48;2;29;32;33m[38;2;64;117;255m[48;2;29;32;33m<[38;2;235;219;178m[48;2;29;32;33m/test                                                                                                        [0m
[38;2;235;219;178m[48;2;29;32;33m                                                                                                              [0m
[38;2;235;219;178m[48;2;29;32;33m[38;2;139;142;255m[48;2;29;32;33m2[38;2;235;219;178m[48;2;29;32;33m[38;2;64;117;255m[48;2;29;32;33m>[38;2;235;219;178m[48;2;29;32;33m[38;2;104;157;106m[48;2;29;32;33m&[38;2;235;219;178m[48;2;29;32;33m[38;2;139;142;255m[48;2;29;32;33m1[38;2;235;219;178m[48;2;29;32;33m                                                                                                          [0m
[38;2;235;219;178m[48;2;29;32;33m[38;2;139;142;255m[48;2;29;32;33m2[38;2;235;219;178m[48;2;29;32;33m[38;2;64;117;255m[48;2;29;32;33m>[38;2;235;219;178m[48;2;29;32;33m[38;2;104;157;106m[48;2;29;32;33m&[38;2;235;219;178m[48;2;29;32;33m[38;2;139;142;255m[48;2;29;32;33m1[38;2;235;219;178m[48;2;29;32;33m                                                                                                          [0m
[38;2;235;219;178m[48;2;29;32;33m[38;2;139;142;255m[48;2;29;32;33m2[38;2;235;219;178m[48;2;29;32;33m[38;2;64;117;255m[48;2;29;32;33m>[38;2;235;219;178m[48;2;29;32;33m[38;2;104;157;106m[48;2;29;32;33m&[38;2;235;219;178m[48;2;29;32;33m[38;2;104;157;106m[48;2;29;32;33m-[38;2;235;219;178m[48;2;29;32;33m                                                                                                          [0m
[38;2;235;219;178m[48;2;29;32;33m[38;2;139;142;255m[48;2;29;32;33m3[38;2;235;219;178m[48;2;29;32;33m[38;2;64;117;255m[48;2;29;32;33m<[38;2;235;219;178m[48;2;29;32;33m[38;2;104;157;106m[48;2;29;32;33m&[38;2;235;219;178m[48;2;29;32;33m[38;2;139;142;255m[48;2;29;32;33m1[38;2;235;219;178m[48;2;29;32;33m                                                                                                          [0m
[38;2;235;219;178m[48;2;29;32;33m[38;2;214;93;14m[48;2;29;32;33mecho[38;2;235;219;178m[48;2;29;32;33m[38;2;64;117;255m[48;2;29;32;33m>[38;2;235;219;178m[48;2;29;32;33m[38;2;104;157;106m[48;2;29;32;33m&[38;2;235;219;178m[48;2;29;32;33m[38;2;139;142;255m[48;2;29;32;33m1[38;2;235;219;178m[48;2;29;32;33m                                                                                                       [0m
[38;2;235;219;178m[48;2;29;32;33m[38;2;214;93;14m[48;2;29;32;33mecho[38;2;235;219;178m[48;2;29;32;33m [38;2;64;117;255m[48;2;29;32;33m>[38;2;235;219;178m[48;2;29;32;33m[38;2;104;157;106m[48;2;29;32;33m&[38;2;235;219;178m[48;2;29;32;33m[38;2;139;142;255m[48;2;29;32;33m1[38;2;235;219;178m[48;2;29;32;33m                                                                                                      [0m
[38;2;235;219;178m[48;2;29;32;33m[38;2;214;93;14m[48;2;29;32;33mecho[38;2;235;219;178m[48;2;29;32;33m [38;2;64;117;255m[48;2;29;32;33m>[38;2;235;219;178m[48;2;29;32;33m[38;2;69;133;136m[48;2;29;32;33m$[38;2;235;219;178m[48;2;29;32;33m[38;2;131;165;152m[48;2;29;32;33mfoo[38;2;235;219;178m[48;2;29;32;33m/bar                                                                                                [0m
[38;2;235;219;178m[48;2;29;32;33m                                                                                                              [0m
[38;2;235;219;178m[48;2;29;32;33m[38;2;250;189;47m[48;2;29;32;33mfunc[38;2;235;219;178m[48;2;29;32;33m[38;2;181;118;20m[48;2;29;32;33m()[38;2;235;219;178m[48;2;29;32;33m [38;2;168;153;132m[48;2;29;32;33m{[38;2;235;219;178m[48;2;29;32;33m [38;2;131;165;152m[48;2;29;32;33mVAR[38;2;235;219;178m[48;2;29;32;33m[38;2;181;118;20m[48;2;29;32;33m=[38;2;235;219;178m[48;2;29;32;33m[38;2;0;194;62m[48;2;29;32;33m123[38;2;235;219;178m[48;2;29;32;33m safasdfasdfasdf [38;2;64;117;255m[48;2;29;32;33m>[38;2;235;219;178m[48;2;29;32;33m[38;2;104;157;106m[48;2;29;32;33m&[38;2;235;219;178m[48;2;29;32;33m[38;2;139;142;255m[48;2;29;32;33m12[38;2;235;219;178m[48;2;29;32;33m                                                                         [0m
[38;2;235;219;178m[48;2;29;32;33m[38;2;168;153;132m[48;2;29;32;33m}[38;2;235;219;178m[48;2;29;32;33m                                                                                                             [0m
[38;2;235;219;178m[48;2;29;32;33m                                                                                                              [0m
[38;2;235;219;178m[48;2;29;32;33m[38;2;250;189;47m[48;2;29;32;33mfoo[38;2;235;219;178m[48;2;29;32;33m[38;2;181;118;20m[48;2;29;32;33m()[38;2;235;219;178m[48;2;29;32;33m [38;2;168;153;132m[48;2;29;32;33m{[38;2;235;219;178m[48;2;29;32;33m                                                                                                       [0m
[38;2;235;219;178m[48;2;29;32;33m[38;2;168;153;132m[48;2;29;32;33m}[38;2;235;219;178m[48;2;29;32;33m                                                                                                             [0m
[38;2;235;219;178m[48;2;29;32;33m                                                                                                              [0m
[38;2;235;219;178m[48;2;29;32;33m[38;2;181;118;20m[48;2;29;32;33m[[38;2;235;219;178m[48;2;29;32;33m [38;2;104;157;106m[48;2;29;32;33m-x[38;2;235;219;178m[48;2;29;32;33m bla [38;2;181;118;20m[48;2;29;32;33m][38;2;235;219;178m[48;2;29;32;33m [38;2;104;157;106m[48;2;29;32;33m||[38;2;235;219;178m[48;2;29;32;33m [38;2;214;93;14m[48;2;29;32;33mset[38;2;235;219;178m[48;2;29;32;33m [38;2;0;194;62m[48;2;29;32;33m-1[38;2;235;219;178m[48;2;29;32;33m                                                                                          [0m
[38;2;235;219;178m[48;2;29;32;33m                                                                                                              [0m
[38;2;235;219;178m[48;2;29;32;33m[38;2;181;118;20m[48;2;29;32;33m[[38;2;235;219;178m[48;2;29;32;33m                                                                                                             [0m
[38;2;235;219;178m[48;2;29;32;33m      [38;2;181;118;20m[48;2;29;32;33m][38;2;235;219;178m[48;2;29;32;33m                                                                                                       [0m
[38;2;235;219;178m[48;2;29;32;33m                                                                                                              [0m
[38;2;235;219;178m[48;2;29;32;33m[38;2;204;36;29m[48;2;29;32;33mwhile[38;2;235;219;178m[48;2;29;32;33m [38;2;181;118;20m[48;2;29;32;33m[[38;2;235;219;178m[48;2;29;32;33m [38;2;69;133;136m[48;2;29;32;33m$[38;2;235;219;178m[48;2;29;32;33m[38;2;131;165;152m[48;2;29;32;33mIDX[38;2;235;219;178m[48;2;29;32;33m [38;2;104;157;106m[48;2;29;32;33m-le[38;2;235;219;178m[48;2;29;32;33m [38;2;0;194;62m[48;2;29;32;33m10[38;2;235;219;178m[48;2;29;32;33m [38;2;181;118;20m[48;2;29;32;33m][38;2;235;219;178m[48;2;29;32;33m[38;2;168;153;132m[48;2;29;32;33m;[38;2;235;219;178m[48;2;29;32;33m [38;2;204;36;29m[48;2;29;32;33mdo[38;2;235;219;178m[48;2;29;32;33m                                                                                     [0m
[38;2;235;219;178m[48;2;29;32;33m     sdf[38;2;168;153;132m[48;2;29;32;33m;[38;2;235;219;178m[48;2;29;32;33m [38;2;204;36;29m[48;2;29;32;33mdone[38;2;235;219;178m[48;2;29;32;33m                                                                                                [0m
[38;2;235;219;178m[48;2;29;32;33m[38;2;204;36;29m[48;2;29;32;33mif[38;2;235;219;178m[48;2;29;32;33m[38;2;168;153;132m[48;2;29;32;33m;[38;2;235;219;178m[48;2;29;32;33m [38;2;204;36;29m[48;2;29;32;33mthen[38;2;235;219;178m[48;2;29;32;33m                                                                                                      [0m
[38;2;235;219;178m[48;2;29;32;33m[38;2;204;36;29m[48;2;29;32;33mfi[38;2;235;219;178m[48;2;29;32;33m                                                                                                            [0m
[38;2;235;219;178m[48;2;29;32;33m                                                                                                              [0m
[38;2;235;219;178m[48;2;29;32;33m[38;2;204;36;29m[48;2;29;32;33mif[38;2;235;219;178m[48;2;29;32;33m [38;2;204;36;29m[48;2;29;32;33m! [38;2;235;219;178m[48;2;29;32;33mbla bla[38;2;168;153;132m[48;2;29;32;33m;[38;2;235;219;178m[48;2;29;32;33m                                                                                                 [0m
[38;2;235;219;178m[48;2;29;32;33m    teJst commanJd[38;2;168;153;132m[48;2;29;32;33m;[38;2;235;219;178m[48;2;29;32;33m [38;2;204;36;29m[48;2;29;32;33mthen[38;2;235;219;178m[48;2;29;32;33m                                                                                      [0m
[38;2;235;219;178m[48;2;29;32;33m    [38;2;204;36;29m[48;2;29;32;33mif[38;2;235;219;178m[48;2;29;32;33m [38;2;131;165;152m[48;2;29;32;33mF[38;2;235;219;178m[48;2;29;32;33m[38;2;181;118;20m[48;2;29;32;33m=[38;2;235;219;178m[48;2;29;32;33m[38;2;0;194;62m[48;2;29;32;33m123[38;2;235;219;178m[48;2;29;32;33m lfkjlkj [38;2;64;117;255m[48;2;29;32;33m>[38;2;235;219;178m[48;2;29;32;33mdev/null[38;2;139;142;255m[48;2;29;32;33m 2[38;2;235;219;178m[48;2;29;32;33m[38;2;64;117;255m[48;2;29;32;33m>[38;2;235;219;178m[48;2;29;32;33m[38;2;104;157;106m[48;2;29;32;33m&[38;2;235;219;178m[48;2;29;32;33m[38;2;139;142;255m[48;2;29;32;33m1[38;2;235;219;178m[48;2;29;32;33m[38;2;168;153;132m[48;2;29;32;33m;[38;2;235;219;178m[48;2;29;32;33m [38;2;204;36;29m[48;2;29;32;33mthen[38;2;235;219;178m[48;2;29;32;33m                                                                     [0m
[38;2;235;219;178m[48;2;29;32;33m        sdfsdfasdfsdf                                                                                         [0m
[38;2;235;219;178m[48;2;29;32;33m    [38;2;204;36;29m[48;2;29;32;33melif[38;2;235;219;178m[48;2;29;32;33m [38;2;181;118;20m[48;2;29;32;33m[[38;2;235;219;178m[48;2;29;32;33m test [38;2;104;157;106m[48;2;29;32;33m-x[38;2;235;219;178m[48;2;29;32;33m [38;2;0;194;62m[48;2;29;32;33m123[38;2;235;219;178m[48;2;29;32;33m [38;2;181;118;20m[48;2;29;32;33m][38;2;235;219;178m[48;2;29;32;33m[38;2;168;153;132m[48;2;29;32;33m;[38;2;235;219;178m[48;2;29;32;33m [38;2;204;36;29m[48;2;29;32;33mthen[38;2;235;219;178m[48;2;29;32;33m                                                                                [0m
[38;2;235;219;178m[48;2;29;32;33m        doit something                                                                                        [0m
[38;2;235;219;178m[48;2;29;32;33m[38;2;204;36;29m[48;2;29;32;33mfi[38;2;235;219;178m[48;2;29;32;33m                                                                                                            [0m
[38;2;235;219;178m[48;2;29;32;33m[38;2;204;36;29m[48;2;29;32;33melse[38;2;235;219;178m[48;2;29;32;33m                                                                                                          [0m
[38;2;235;219;178m[48;2;29;32;33m    doit else                                                                                                 [0m
[38;2;235;219;178m[48;2;29;32;33m[38;2;204;36;29m[48;2;29;32;33mfi[38;2;235;219;178m[48;2;29;32;33m                                                                                                            [0m
[38;2;235;219;178m[48;2;29;32;33m                                                                                                              [0m
[38;2;235;219;178m[48;2;29;32;33m[38;2;181;118;20m[48;2;29;32;33m[[38;2;235;219;178m[48;2;29;32;33m J[st                                                                                                        [0m
[38;2;235;219;178m[48;2;29;32;33mJ]en]; [                                                                                                      [0m
[38;2;235;219;178m[48;2;29;32;33mJst [38;2;181;118;20m[48;2;29;32;33m][38;2;235;219;178m[48;2;29;32;33m                                                                                                         [0m
[38;2;235;219;178m[48;2;29;32;33m                                                                                                              [0m
[38;2;235;219;178m[48;2;29;32;33m[38;2;184;187;38m[48;2;29;32;33m'[38;2;235;219;178m[48;2;29;32;33m[38;2;152;151;26m[48;2;29;32;33ms`df`as[38;2;235;219;178m[48;2;29;32;33m[38;2;184;187;38m[48;2;29;32;33m'[38;2;235;219;178m[48;2;29;32;33msdfas[38;2;184;187;38m[48;2;29;32;33m"[38;2;235;219;178m[48;2;29;32;33m[38;2;152;151;26m[48;2;29;32;33mdf[38;2;235;219;178m[48;2;29;32;33m[38;2;69;133;136m[48;2;29;32;33m$[38;2;235;219;178m[48;2;29;32;33m[38;2;131;165;152m[48;2;29;32;33mTESTas[38;2;235;219;178m[48;2;29;32;33m[38;2;152;151;26m[48;2;29;32;33m.df[38;2;235;219;178m[48;2;29;32;33m[38;2;184;187;38m[48;2;29;32;33m"[38;2;235;219;178m[48;2;29;32;33mas[38;2;69;133;136m[48;2;29;32;33m$[38;2;235;219;178m[48;2;29;32;33m[38;2;131;165;152m[48;2;29;32;33mdf[38;2;235;219;178m[48;2;29;32;33m[38;2;184;187;38m[48;2;29;32;33m'[38;2;235;219;178m[48;2;29;32;33m[38;2;152;151;26m[48;2;29;32;33md$TESTbf[38;2;235;219;178m[48;2;29;32;33m[38;2;184;187;38m[48;2;29;32;33m'[38;2;235;219;178m[48;2;29;32;33mwith-mixed-[38;2;69;133;136m[48;2;29;32;33m$[38;2;235;219;178m[48;2;29;32;33m[38;2;131;165;152m[48;2;29;32;33mVARIABLES[38;2;235;219;178m[48;2;29;32;33m-error-at-the-end[38;2;235;219;178m[48;2;204;36;29m$[38;2;235;219;178m[48;2;29;32;33m [38;2;146;131;116m[48;2;29;32;33m# comment here[38;2;235;219;178m[48;2;29;32;33m             [0m
[38;2;235;219;178m[48;2;29;32;33m                                                                                                              [0m
[38;2;235;219;178m[48;2;29;32;33mspecial variables1 [38;2;69;133;136m[48;2;29;32;33m$[38;2;235;219;178m[48;2;29;32;33m[38;2;211;134;155m[48;2;29;32;33m0[38;2;235;219;178m[48;2;29;32;33m x [38;2;69;133;136m[48;2;29;32;33m$[38;2;235;219;178m[48;2;29;32;33m[38;2;211;134;155m[48;2;29;32;33m1[38;2;235;219;178m[48;2;29;32;33m x [38;2;69;133;136m[48;2;29;32;33m$[38;2;235;219;178m[48;2;29;32;33m[38;2;211;134;155m[48;2;29;32;33m2[38;2;235;219;178m[48;2;29;32;33m x [38;2;69;133;136m[48;2;29;32;33m$[38;2;235;219;178m[48;2;29;32;33m[38;2;211;134;155m[48;2;29;32;33m3[38;2;235;219;178m[48;2;29;32;33m x [38;2;69;133;136m[48;2;29;32;33m$[38;2;235;219;178m[48;2;29;32;33m[38;2;211;134;155m[48;2;29;32;33m4[38;2;235;219;178m[48;2;29;32;33m x [38;2;69;133;136m[48;2;29;32;33m$[38;2;235;219;178m[48;2;29;32;33m[38;2;211;134;155m[48;2;29;32;33m5[38;2;235;219;178m[48;2;29;32;33m x [38;2;69;133;136m[48;2;29;32;33m$[38;2;235;219;178m[48;2;29;32;33m[38;2;211;134;155m[48;2;29;32;33m6[38;2;235;219;178m[48;2;29;32;33m x [38;2;69;133;136m[48;2;29;32;33m$[38;2;235;219;178m[48;2;29;32;33m[38;2;211;134;155m[48;2;29;32;33m7[38;2;235;219;178m[48;2;29;32;33m x [38;2;69;133;136m[48;2;29;32;33m$[38;2;235;219;178m[48;2;29;32;33m[38;2;211;134;155m[48;2;29;32;33m8[38;2;235;219;178m[48;2;29;32;33m x [38;2;69;133;136m[48;2;29;32;33m$[38;2;235;219;178m[48;2;29;32;33m[38;2;211;134;155m[48;2;29;32;33m9[38;2;235;219;178m[48;2;29;32;33m x                                          [0m
[38;2;235;219;178m[48;2;29;32;33mspecial variables1 [38;2;69;133;136m[48;2;29;32;33m${[38;2;235;219;178m[48;2;29;32;33m[38;2;211;134;155m[48;2;29;32;33m0[38;2;235;219;178m[48;2;29;32;33m[38;2;69;133;136m[48;2;29;32;33m}[38;2;235;219;178m[48;2;29;32;33m x [38;2;69;133;136m[48;2;29;32;33m${[38;2;235;219;178m[48;2;29;32;33m[38;2;211;134;155m[48;2;29;32;33m1[38;2;235;219;178m[48;2;29;32;33m[38;2;69;133;136m[48;2;29;32;33m}[38;2;235;219;178m[48;2;29;32;33m x [38;2;69;133;136m[48;2;29;32;33m${[38;2;235;219;178m[48;2;29;32;33m[38;2;211;134;155m[48;2;29;32;33m2[38;2;235;219;178m[48;2;29;32;33m[38;2;69;133;136m[48;2;29;32;33m}[38;2;235;219;178m[48;2;29;32;33m x [38;2;69;133;136m[48;2;29;32;33m${[38;2;235;219;178m[48;2;29;32;33m[38;2;211;134;155m[48;2;29;32;33m3[38;2;235;219;178m[48;2;29;32;33m[38;2;69;133;136m[48;2;29;32;33m}[38;2;235;219;178m[48;2;29;32;33m x [38;2;69;133;136m[48;2;29;32;33m${[38;2;235;219;178m[48;2;29;32;33m[38;2;211;134;155m[48;2;29;32;33m4[38;2;235;219;178m[48;2;29;32;33m[38;2;69;133;136m[48;2;29;32;33m}[38;2;235;219;178m[48;2;29;32;33m x [38;2;69;133;136m[48;2;29;32;33m${[38;2;235;219;178m[48;2;29;32;33m[38;2;211;134;155m[48;2;29;32;33m5[38;2;235;219;178m[48;2;29;32;33m[38;2;69;133;136m[48;2;29;32;33m}[38;2;235;219;178m[48;2;29;32;33m x [38;2;69;133;136m[48;2;29;32;33m${[38;2;235;219;178m[48;2;29;32;33m[38;2;211;134;155m[48;2;29;32;33m6[38;2;235;219;178m[48;2;29;32;33m[38;2;69;133;136m[48;2;29;32;33m}[38;2;235;219;178m[48;2;29;32;33m x [38;2;69;133;136m[48;2;29;32;33m${[38;2;235;219;178m[48;2;29;32;33m[38;2;211;134;155m[48;2;29;32;33m7[38;2;235;219;178m[48;2;29;32;33m[38;2;69;133;136m[48;2;29;32;33m}[38;2;235;219;178m[48;2;29;32;33m x [38;2;69;133;136m[48;2;29;32;33m${[38;2;235;219;178m[48;2;29;32;33m[38;2;211;134;155m[48;2;29;32;33m8[38;2;235;219;178m[48;2;29;32;33m[38;2;69;133;136m[48;2;29;32;33m}[38;2;235;219;178m[48;2;29;32;33m x [38;2;69;133;136m[48;2;29;32;33m${[38;2;235;219;178m[48;2;29;32;33m[38;2;211;134;155m[48;2;29;32;33m9[38;2;235;219;178m[48;2;29;32;33m[38;2;69;133;136m[48;2;29;32;33m}[38;2;235;219;178m[48;2;29;32;33m x                      [0m
[38;2;235;219;178m[48;2;29;32;33mspecial variables2 [38;2;69;133;136m[48;2;29;32;33m$[38;2;235;219;178m[48;2;29;32;33m[38;2;211;134;155m[48;2;29;32;33m#[38;2;235;219;178m[48;2;29;32;33m [38;2;69;133;136m[48;2;29;32;33m$[38;2;235;219;178m[48;2;29;32;33m[38;2;211;134;155m[48;2;29;32;33m*[38;2;235;219;178m[48;2;29;32;33m [38;2;69;133;136m[48;2;29;32;33m$[38;2;235;219;178m[48;2;29;32;33m[38;2;211;134;155m[48;2;29;32;33m@[38;2;235;219;178m[48;2;29;32;33m [38;2;69;133;136m[48;2;29;32;33m$[38;2;235;219;178m[48;2;29;32;33m[38;2;211;134;155m[48;2;29;32;33m?[38;2;235;219;178m[48;2;29;32;33m [38;2;69;133;136m[48;2;29;32;33m$[38;2;235;219;178m[48;2;29;32;33m[38;2;211;134;155m[48;2;29;32;33m![38;2;235;219;178m[48;2;29;32;33m [38;2;69;133;136m[48;2;29;32;33m$[38;2;235;219;178m[48;2;29;32;33m[38;2;211;134;155m[48;2;29;32;33m$[38;2;235;219;178m[48;2;29;32;33m [38;2;69;133;136m[48;2;29;32;33m$[38;2;235;219;178m[48;2;29;32;33m[38;2;211;134;155m[48;2;29;32;33m-[38;2;235;219;178m[48;2;29;32;33m no variables                                                          [0m
[38;2;235;219;178m[48;2;29;32;33mspecial variables2 [38;2;69;133;136m[48;2;29;32;33m${[38;2;235;219;178m[48;2;29;32;33m[38;2;211;134;155m[48;2;29;32;33m#[38;2;235;219;178m[48;2;29;32;33m[38;2;69;133;136m[48;2;29;32;33m}[38;2;235;219;178m[48;2;29;32;33m [38;2;69;133;136m[48;2;29;32;33m${[38;2;235;219;178m[48;2;29;32;33m[38;2;211;134;155m[48;2;29;32;33m*[38;2;235;219;178m[48;2;29;32;33m[38;2;69;133;136m[48;2;29;32;33m}[38;2;235;219;178m[48;2;29;32;33m [38;2;69;133;136m[48;2;29;32;33m${[38;2;235;219;178m[48;2;29;32;33m[38;2;211;134;155m[48;2;29;32;33m@[38;2;235;219;178m[48;2;29;32;33m[38;2;69;133;136m[48;2;29;32;33m}[38;2;235;219;178m[48;2;29;32;33m [38;2;69;133;136m[48;2;29;32;33m${[38;2;235;219;178m[48;2;29;32;33m[38;2;211;134;155m[48;2;29;32;33m?[38;2;235;219;178m[48;2;29;32;33m[38;2;69;133;136m[48;2;29;32;33m}[38;2;235;219;178m[48;2;29;32;33m [38;2;69;133;136m[48;2;29;32;33m${[38;2;235;219;178m[48;2;29;32;33m[38;2;211;134;155m[48;2;29;32;33m![38;2;235;219;178m[48;2;29;32;33m[38;2;69;133;136m[48;2;29;32;33m}[38;2;235;219;178m[48;2;29;32;33m [38;2;69;133;136m[48;2;29;32;33m${[38;2;235;219;178m[48;2;29;32;33m[38;2;211;134;155m[48;2;29;32;33m$[38;2;235;219;178m[48;2;29;32;33m[38;2;69;133;136m[48;2;29;32;33m}[38;2;235;219;178m[48;2;29;32;33m [38;2;69;133;136m[48;2;29;32;33m${[38;2;235;219;178m[48;2;29;32;33m[38;2;211;134;155m[48;2;29;32;33m-[38;2;235;219;178m[48;2;29;32;33m[38;2;69;133;136m[48;2;29;32;33m}[38;2;235;219;178m[48;2;29;32;33m no variables                                            [0m
[38;2;235;219;178m[48;2;29;32;33m                                                                                                              [0m
[38;2;235;219;178m[48;2;29;32;33m[38;2;214;93;14m[48;2;29;32;33mtest[38;2;235;219;178m[48;2;29;32;33m [38;2;64;117;255m[48;2;29;32;33m>[38;2;235;219;178m[48;2;29;32;33m[38;2;0;194;62m[48;2;29;32;33m123[38;2;235;219;178m[48;2;29;32;33m                                                                                                     [0m
[38;2;235;219;178m[48;2;29;32;33m                                                                                                              [0m
[38;2;235;219;178m[48;2;29;32;33m[38;2;184;187;38m[48;2;29;32;33m"[38;2;235;219;178m[48;2;29;32;33m[38;2;152;151;26m[48;2;29;32;33mdo[38;2;235;219;178m[48;2;29;32;33m[38;2;214;93;14m[48;2;29;32;33m\"[38;2;235;219;178m[48;2;29;32;33m[38;2;152;151;26m[48;2;29;32;33mub'skdfjjkafa\0x0000jkfffffsh'dkjhle[38;2;235;219;178m[48;2;29;32;33m[38;2;184;187;38m[48;2;29;32;33m"[38;2;235;219;178m[48;2;29;32;33m sdkalskjfla l lak sldfk alsk dflkaj                                [0m
[38;2;235;219;178m[48;2;29;32;33m                                                                                                              [0m
[38;2;235;219;178m[48;2;29;32;33m[38;2;146;131;116m[48;2;29;32;33m# sdfasf[38;2;235;219;178m[48;2;29;32;33m                                                                                                      [0m
[38;2;235;219;178m[48;2;29;32;33m                                                                                                              [0m
[38;2;235;219;178m[48;2;29;32;33m[38;2;131;165;152m[48;2;29;32;33masd[38;2;235;219;178m[48;2;29;32;33m[38;2;181;118;20m[48;2;29;32;33m=[38;2;235;219;178m[48;2;29;32;33m[38;2;184;187;38m[48;2;29;32;33m"[38;2;235;219;178m[48;2;29;32;33m[38;2;152;151;26m[48;2;29;32;33mtest[38;2;235;219;178m[48;2;29;32;33m[38;2;184;187;38m[48;2;29;32;33m"[38;2;235;219;178m[48;2;29;32;33m [38;2;131;165;152m[48;2;29;32;33mtest[38;2;235;219;178m[48;2;29;32;33m[38;2;181;118;20m[48;2;29;32;33m=[38;2;235;219;178m[48;2;29;32;33m [38;2;131;165;152m[48;2;29;32;33msdkfjj[38;2;235;219;178m[48;2;29;32;33m[38;2;181;118;20m[48;2;29;32;33m=[38;2;235;219;178m[48;2;29;32;33m runcmd NOGL= [38;2;104;157;106m[48;2;29;32;33m|[38;2;235;219;178m[48;2;29;32;33m [38;2;104;157;106m[48;2;29;32;33m&&[38;2;235;219;178m[48;2;29;32;33m slkfjkj [38;2;64;117;255m[48;2;29;32;33m>[38;2;235;219;178m[48;2;29;32;33m[38;2;0;194;62m[48;2;29;32;33m1[38;2;235;219;178m[48;2;29;32;33m                                                         [0m
[38;2;235;219;178m[48;2;29;32;33m                                                                                                              [0m
[38;2;235;219;178m[48;2;29;32;33m[38;2;131;165;152m[48;2;29;32;33masd[38;2;235;219;178m[48;2;29;32;33m[38;2;181;118;20m[48;2;29;32;33m=[38;2;235;219;178m[48;2;29;32;33m[38;2;0;194;62m[48;2;29;32;33m123123[38;2;235;219;178m[48;2;29;32;33m runcmd param NOGL= [38;2;104;157;106m[48;2;29;32;33m|[38;2;235;219;178m[48;2;29;32;33m [38;2;131;165;152m[48;2;29;32;33mVAR2[38;2;235;219;178m[48;2;29;32;33m[38;2;181;118;20m[48;2;29;32;33m=[38;2;235;219;178m[48;2;29;32;33m[38;2;152;151;26m[48;2;29;32;33mdkfjsk[38;2;235;219;178m[48;2;29;32;33m dkfjkj                                                            [0m
[38;2;235;219;178m[48;2;29;32;33m                                                                                                              [0m
[38;2;235;219;178m[48;2;29;32;33m[38;2;214;93;14m[48;2;29;32;33mecho[38;2;235;219;178m[48;2;29;32;33m cmd param\; [38;2;146;131;116m[48;2;29;32;33m# comment now[38;2;235;219;178m[48;2;29;32;33m                                                                                [0m
[38;2;235;219;178m[48;2;29;32;33m                                                                                                              [0m
[38;2;235;219;178m[48;2;29;32;33m[38;2;131;165;152m[48;2;29;32;33mA[38;2;235;219;178m[48;2;29;32;33m[38;2;181;118;20m[48;2;29;32;33m=[38;2;235;219;178m[48;2;29;32;33m[38;2;184;187;38m[48;2;29;32;33m"[38;2;235;219;178m[48;2;29;32;33m[38;2;152;151;26m[48;2;29;32;33mffff[38;2;235;219;178m[48;2;29;32;33m[38;2;184;187;38m[48;2;29;32;33m"[38;2;235;219;178m[48;2;29;32;33m                                                                                                      [0m
[38;2;235;219;178m[48;2;29;32;33m[38;2;131;165;152m[48;2;29;32;33mA[38;2;235;219;178m[48;2;29;32;33m[38;2;181;118;20m[48;2;29;32;33m=[38;2;235;219;178m[48;2;29;32;33m[38;2;184;187;38m[48;2;29;32;33m"[38;2;235;219;178m[48;2;29;32;33m[38;2;152;151;26m[48;2;29;32;33mfff [38;2;235;219;178m[48;2;29;32;33m[38;2;181;118;20m[48;2;60;56;54m$([38;2;235;219;178m[48;2;29;32;33m[38;2;214;93;14m[48;2;60;56;54mtest[38;2;235;219;178m[48;2;29;32;33m[38;2;235;219;178m[48;2;60;56;54m do[38;2;235;219;178m[48;2;29;32;33m[38;2;181;118;20m[48;2;29;32;33m)[38;2;235;219;178m[48;2;29;32;33m[38;2;152;151;26m[48;2;29;32;33m aaa[38;2;235;219;178m[48;2;29;32;33m[38;2;184;187;38m[48;2;29;32;33m"[38;2;235;219;178m[48;2;29;32;33m                                                                                        [0m
[38;2;235;219;178m[48;2;29;32;33m[38;2;131;165;152m[48;2;29;32;33mB[38;2;235;219;178m[48;2;29;32;33m[38;2;181;118;20m[48;2;29;32;33m=[38;2;235;219;178m[48;2;29;32;33m                                                                                                            [0m
[38;2;235;219;178m[48;2;29;32;33m                                                                                                              [0m
[38;2;235;219;178m[48;2;29;32;33m[38;2;250;189;47m[48;2;29;32;33mfn[38;2;235;219;178m[48;2;29;32;33m[38;2;181;118;20m[48;2;29;32;33m()[38;2;235;219;178m[48;2;29;32;33m [38;2;168;153;132m[48;2;29;32;33m{[38;2;235;219;178m[48;2;29;32;33m                                                                                                        [0m
[38;2;235;219;178m[48;2;29;32;33m    [38;2;214;93;14m[48;2;29;32;33mecho[38;2;235;219;178m[48;2;29;32;33m [38;2;0;194;62m[48;2;29;32;33m123[38;2;235;219;178m[48;2;29;32;33m [38;2;64;117;255m[48;2;29;32;33m>[38;2;235;219;178m[48;2;29;32;33m[38;2;104;157;106m[48;2;29;32;33m&[38;2;235;219;178m[48;2;29;32;33m[38;2;139;142;255m[48;2;29;32;33m1[38;2;235;219;178m[48;2;29;32;33m                                                                                              [0m
[38;2;235;219;178m[48;2;29;32;33m    run cmd                                                                                                   [0m
[38;2;235;219;178m[48;2;29;32;33m                                                                                                              [0m
[38;2;235;219;178m[48;2;29;32;33m[38;2;168;153;132m[48;2;29;32;33m}[38;2;235;219;178m[48;2;29;32;33m                                                                                                             [0m
[38;2;235;219;178m[48;2;29;32;33m                                                                                                              [0m
