[38;2;235;219;178m[48;2;29;32;33mCreated with colorer library. Type 'shell-bash'                              [0m
[38;2;235;219;178m[48;2;29;32;33m                                                                             [0m
[38;2;235;219;178m[48;2;29;32;33m[38;2;146;131;116m[48;2;29;32;33m#![38;2;235;219;178m[48;2;29;32;33m[38;2;69;133;136m[48;2;29;32;33m/bin/sh[38;2;235;219;178m[48;2;29;32;33m                                                                    [0m
[38;2;235;219;178m[48;2;29;32;33m                                                                             [0m
[38;2;235;219;178m[48;2;29;32;33m[38;2;146;131;116m[48;2;29;32;33m# -------------------------------------------------------------[38;2;235;219;178m[48;2;29;32;33m              [0m
[38;2;235;219;178m[48;2;29;32;33m[38;2;146;131;116m[48;2;29;32;33m# some random tests[38;2;235;219;178m[48;2;29;32;33m                                                          [0m
[38;2;235;219;178m[48;2;29;32;33m[38;2;146;131;116m[48;2;29;32;33m# -------------------------------------------------------------[38;2;235;219;178m[48;2;29;32;33m              [0m
[38;2;235;219;178m[48;2;29;32;33m                                                                             [0m
[38;2;235;219;178m[48;2;29;32;33m[38;2;131;165;152m[48;2;29;32;33mVAR[38;2;235;219;178m[48;2;29;32;33m[38;2;69;133;136m[48;2;29;32;33m[[38;2;235;219;178m[48;2;29;32;33m[38;2;0;194;62m[48;2;29;32;33m1[38;2;235;219;178m[48;2;29;32;33m[38;2;69;133;136m[48;2;29;32;33m][38;2;235;219;178m[48;2;29;32;33m[38;2;181;118;20m[48;2;29;32;33m=[38;2;235;219;178m[48;2;29;32;33m[38;2;152;151;26m[48;2;29;32;33mfoo#bar[38;2;235;219;178m[48;2;29;32;33m [38;2;131;165;152m[48;2;29;32;33mVAR2[38;2;235;219;178m[48;2;29;32;33m[38;2;181;118;20m[48;2;29;32;33m=[38;2;235;219;178m[48;2;29;32;33m[38;2;152;151;26m[48;2;29;32;33mfoo2[38;2;235;219;178m[48;2;29;32;33m [38;2;146;131;116m[48;2;29;32;33m# <- here is VAR = 'foo#bar'[38;2;235;219;178m[48;2;29;32;33m                        [0m
[38;2;235;219;178m[48;2;29;32;33m[38;2;131;165;152m[48;2;29;32;33mVAR[38;2;235;219;178m[48;2;29;32;33m[38;2;69;133;136m[48;2;29;32;33m[[38;2;235;219;178m[48;2;29;32;33m[38;2;0;194;62m[48;2;29;32;33m1[38;2;235;219;178m[48;2;29;32;33m[38;2;69;133;136m[48;2;29;32;33m][38;2;235;219;178m[48;2;29;32;33m[38;2;181;118;20m[48;2;29;32;33m=[38;2;235;219;178m[48;2;29;32;33m[38;2;152;151;26m[48;2;29;32;33mfoo[38;2;235;219;178m[48;2;29;32;33m)[38;2;235;219;178m[48;2;204;36;29mb[38;2;235;219;178m[48;2;29;32;33m[38;2;235;219;178m[48;2;204;36;29ma[38;2;235;219;178m[48;2;29;32;33m[38;2;235;219;178m[48;2;204;36;29mr[38;2;235;219;178m[48;2;29;32;33m [38;2;235;219;178m[48;2;204;36;29mV[38;2;235;219;178m[48;2;29;32;33m[38;2;235;219;178m[48;2;204;36;29mA[38;2;235;219;178m[48;2;29;32;33m[38;2;235;219;178m[48;2;204;36;29mR[38;2;235;219;178m[48;2;29;32;33m[38;2;235;219;178m[48;2;204;36;29m2[38;2;235;219;178m[48;2;29;32;33m[38;2;235;219;178m[48;2;204;36;29m=[38;2;235;219;178m[48;2;29;32;33m[38;2;235;219;178m[48;2;204;36;29mf[38;2;235;219;178m[48;2;29;32;33m[38;2;235;219;178m[48;2;204;36;29mo[38;2;235;219;178m[48;2;29;32;33m[38;2;235;219;178m[48;2;204;36;29mo[38;2;235;219;178m[48;2;29;32;33m[38;2;235;219;178m[48;2;204;36;29m2[38;2;235;219;178m[48;2;29;32;33m [38;2;146;131;116m[48;2;29;32;33m# <- here is 'syntax error'[38;2;235;219;178m[48;2;29;32;33m                         [0m
[38;2;235;219;178m[48;2;29;32;33m[38;2;131;165;152m[48;2;29;32;33mVAR[38;2;235;219;178m[48;2;29;32;33m[38;2;69;133;136m[48;2;29;32;33m[[38;2;235;219;178m[48;2;29;32;33m[38;2;0;194;62m[48;2;29;32;33m1[38;2;235;219;178m[48;2;29;32;33m[38;2;69;133;136m[48;2;29;32;33m][38;2;235;219;178m[48;2;29;32;33m[38;2;181;118;20m[48;2;29;32;33m=[38;2;235;219;178m[48;2;29;32;33m[38;2;152;151;26m[48;2;29;32;33mfoo[38;2;235;219;178m[48;2;29;32;33m[38;2;168;153;132m[48;2;29;32;33m;[38;2;235;219;178m[48;2;29;32;33m[38;2;214;93;14m[48;2;29;32;33mcommand[38;2;235;219;178m[48;2;29;32;33m       [38;2;146;131;116m[48;2;29;32;33m# <- here is 'VAR=foo' and a command[38;2;235;219;178m[48;2;29;32;33m                [0m
[38;2;235;219;178m[48;2;29;32;33m[38;2;131;165;152m[48;2;29;32;33mVAR[38;2;235;219;178m[48;2;29;32;33m[38;2;69;133;136m[48;2;29;32;33m[[38;2;235;219;178m[48;2;29;32;33m[38;2;0;194;62m[48;2;29;32;33m1[38;2;235;219;178m[48;2;29;32;33m[38;2;69;133;136m[48;2;29;32;33m][38;2;235;219;178m[48;2;29;32;33m[38;2;181;118;20m[48;2;29;32;33m=[38;2;235;219;178m[48;2;29;32;33m[38;2;152;151;26m[48;2;29;32;33mfoo[38;2;235;219;178m[48;2;29;32;33m[38;2;104;157;106m[48;2;29;32;33m&[38;2;235;219;178m[48;2;29;32;33m[38;2;214;93;14m[48;2;29;32;33mcommand[38;2;235;219;178m[48;2;29;32;33m       [38;2;146;131;116m[48;2;29;32;33m# <- here is 'VAR=foo' in background and a command[38;2;235;219;178m[48;2;29;32;33m  [0m
[38;2;235;219;178m[48;2;29;32;33m[38;2;131;165;152m[48;2;29;32;33mVAR[38;2;235;219;178m[48;2;29;32;33m[38;2;69;133;136m[48;2;29;32;33m[[38;2;235;219;178m[48;2;29;32;33m[38;2;0;194;62m[48;2;29;32;33m1[38;2;235;219;178m[48;2;29;32;33m[38;2;69;133;136m[48;2;29;32;33m][38;2;235;219;178m[48;2;29;32;33m[38;2;181;118;20m[48;2;29;32;33m=[38;2;235;219;178m[48;2;29;32;33m[38;2;152;151;26m[48;2;29;32;33mfoo[38;2;235;219;178m[48;2;29;32;33m[38;2;104;157;106m[48;2;29;32;33m|[38;2;235;219;178m[48;2;29;32;33m[38;2;214;93;14m[48;2;29;32;33mcommand[38;2;235;219;178m[48;2;29;32;33m       [38;2;146;131;116m[48;2;29;32;33m# <- here is 'VAR=foo' and a command[38;2;235;219;178m[48;2;29;32;33m                [0m
[38;2;235;219;178m[48;2;29;32;33m[38;2;131;165;152m[48;2;29;32;33mVAR[38;2;235;219;178m[48;2;29;32;33m[38;2;69;133;136m[48;2;29;32;33m[[38;2;235;219;178m[48;2;29;32;33m[38;2;0;194;62m[48;2;29;32;33m1[38;2;235;219;178m[48;2;29;32;33m[38;2;69;133;136m[48;2;29;32;33m][38;2;235;219;178m[48;2;29;32;33m[38;2;181;118;20m[48;2;29;32;33m=[38;2;235;219;178m[48;2;29;32;33m[38;2;152;151;26m[48;2;29;32;33mfoo[38;2;235;219;178m[48;2;29;32;33m[38;2;64;117;255m[48;2;29;32;33m>[38;2;235;219;178m[48;2;29;32;33mcommand       [38;2;146;131;116m[48;2;29;32;33m# <- here is 'VAR=foo' redirected to 'command'[38;2;235;219;178m[48;2;29;32;33m      [0m
[38;2;235;219;178m[48;2;29;32;33m[38;2;131;165;152m[48;2;29;32;33mVAR[38;2;235;219;178m[48;2;29;32;33m[38;2;69;133;136m[48;2;29;32;33m[[38;2;235;219;178m[48;2;29;32;33m[38;2;0;194;62m[48;2;29;32;33m1[38;2;235;219;178m[48;2;29;32;33m[38;2;69;133;136m[48;2;29;32;33m][38;2;235;219;178m[48;2;29;32;33m[38;2;181;118;20m[48;2;29;32;33m=[38;2;235;219;178m[48;2;29;32;33m[38;2;152;151;26m[48;2;29;32;33mfoo[38;2;235;219;178m[48;2;29;32;33m[38;2;64;117;255m[48;2;29;32;33m<[38;2;235;219;178m[48;2;29;32;33mcommand       [38;2;146;131;116m[48;2;29;32;33m# <- here is 'VAR=foo' with redirected stdin[38;2;235;219;178m[48;2;29;32;33m        [0m
[38;2;235;219;178m[48;2;29;32;33m[38;2;131;165;152m[48;2;29;32;33mVAR[38;2;235;219;178m[48;2;29;32;33m[38;2;69;133;136m[48;2;29;32;33m[[38;2;235;219;178m[48;2;29;32;33m[38;2;0;194;62m[48;2;29;32;33m1[38;2;235;219;178m[48;2;29;32;33m[38;2;69;133;136m[48;2;29;32;33m][38;2;235;219;178m[48;2;29;32;33m[38;2;181;118;20m[48;2;29;32;33m=[38;2;235;219;178m[48;2;29;32;33m[38;2;152;151;26m[48;2;29;32;33mfoo2[38;2;235;219;178m[48;2;29;32;33m[38;2;64;117;255m[48;2;29;32;33m>[38;2;235;219;178m[48;2;29;32;33mcommand      [38;2;146;131;116m[48;2;29;32;33m# <- here is 'VAR=foo2' redirected to 'command'[38;2;235;219;178m[48;2;29;32;33m     [0m
[38;2;235;219;178m[48;2;29;32;33m[38;2;131;165;152m[48;2;29;32;33mVAR[38;2;235;219;178m[48;2;29;32;33m[38;2;69;133;136m[48;2;29;32;33m[[38;2;235;219;178m[48;2;29;32;33m[38;2;0;194;62m[48;2;29;32;33m1[38;2;235;219;178m[48;2;29;32;33m[38;2;69;133;136m[48;2;29;32;33m][38;2;235;219;178m[48;2;29;32;33m[38;2;181;118;20m[48;2;29;32;33m=[38;2;235;219;178m[48;2;29;32;33m[38;2;152;151;26m[48;2;29;32;33mfoo1[38;2;235;219;178m[48;2;29;32;33m[38;2;64;117;255m[48;2;29;32;33m<[38;2;235;219;178m[48;2;29;32;33mcommand      [38;2;146;131;116m[48;2;29;32;33m# <- here is 'VAR=foo1' with redirected stdin[38;2;235;219;178m[48;2;29;32;33m       [0m
[38;2;235;219;178m[48;2;29;32;33m[38;2;131;165;152m[48;2;29;32;33mVAR[38;2;235;219;178m[48;2;29;32;33m[38;2;69;133;136m[48;2;29;32;33m[[38;2;235;219;178m[48;2;29;32;33m[38;2;0;194;62m[48;2;29;32;33m1[38;2;235;219;178m[48;2;29;32;33m[38;2;69;133;136m[48;2;29;32;33m][38;2;235;219;178m[48;2;29;32;33m[38;2;181;118;20m[48;2;29;32;33m=[38;2;235;219;178m[48;2;29;32;33m[38;2;152;151;26m[48;2;29;32;33mfoo1[38;2;235;219;178m[48;2;29;32;33m[38;2;64;117;255m[48;2;29;32;33m>[38;2;235;219;178m[48;2;29;32;33m[38;2;104;157;106m[48;2;29;32;33m&[38;2;235;219;178m[48;2;29;32;33m[38;2;139;142;255m[48;2;29;32;33m2[38;2;235;219;178m[48;2;29;32;33m           [38;2;146;131;116m[48;2;29;32;33m# <- here is 'VAR=foo1' with redirected stdout[38;2;235;219;178m[48;2;29;32;33m      [0m
[38;2;235;219;178m[48;2;29;32;33m                                                                             [0m
